30,4
36,4
28,5
29,4
30,1
30,3
29,5
29,1
29,3
28,1
28,3
35,4
35,1
35,3
36,5
36,1
36,3
37,35
26,4
26,1
26,3
25,4
25,1
25,3
14,5
34,4
34,5
34,3
3,2
3,1
3,3
10,202
10,220
10,142
10,256
10,162
10,100
10,102
10,1
10,296
10,2
10,3
11,14
11,24
11,27
11,6
11,10
11,1
11,13
11,2
11,3
9,7
9,4
9,1
9,6
9,2
9,3
8,9
8,16
8,4
8,1
8,6
8,2
8,3
0,318
12,2
12,1
12,3
20,2
20,1
20,3
19,2
19,1
19,3
18,1
18,3
14,1
14,4
14,3
13,1
13,3
2,2
2,1
2,3
36,9
36,8
34,111
34,110
34,109
34,108
34,107
34,106
34,105
34,104
34,103
34,102
34,101
34,100
34,99
34,98
34,97
34,96
34,95
34,94
34,93
34,92
34,91
34,90
34,89
34,88
34,87
34,86
34,85
34,84
34,83
34,82
34,81
34,80
34,79
